423967
632957
536498
692483
462893
428367
674538
782936
325468
438265
297583
254897
279356
842567
475892
652948
587364
578392
279385
539687
749623
265493
254768
835274
829573
589462
386547
467592
598364
652734
458237
927368
674893
268439
468973
938627
264358
254397
432867
537298
368752
738254
458769
264739
734956
932678
964537
439256
925478
359267
265794
726435
372645
586792
794628
397862
728956
438967
372658
673495
657294
325684
873596
932567
957283
694257
928376
243698
694782
975862
984236
356928
648325
529684
952386
286379
438756
657432
937846
264985
465398
954376
854932
274968
428365
238459
386529
382495
953472
435286
523764
945263
689352
986273
628375
465382
372856
875243
739624
365972
794856
849276
295873
892635
592386
924685
948752
852347
467839
734856
673982
427856
784235
362957
598267
296475
243985
647382
469527
734826
874295
739842
759384
358796
526389
649723
263594
497362
694328
725943
584376
689345
269387
639472
748253
587429
738529
358642
745829
486597
359726
235847
952678
634897
498273
269348
395726
796548
235978
243678
564328
692753
794285
629745
587936
623547
639847
985276
732459
862937
659234
453826
327859
532468
492368
259786
573842
487356
397625
582694
782639
358729
476835
395872
792843
784263
659872
293645
947832
875692
852697
237698
485296
865734
897256
372485
549376
485693
493657
259437
679238
589734
492765
827563
895472
357942
365248
572846
956387
372456
238469
487623
276458
358927
295734
592743
937842
387546
425396
285379
396287
796542
769852
462958
657984
534826
736958
497852
435789
649873
756934
753892
584963
682957
698542
346295
753648
687452
289365
875423
967358
574693
734589
485932
845637
824576
358497
395427
687924
582743
258763
267953
853427
365782
839765
328479
254876
345692
395628
297643
296583
458263
594786
893746
837269
875369
837562
389574
923648
569348
672834
936458
976354
564973
628439
984527
468597
247586
753468
624857
647589
526783
745938
389647
497326
457263
748962
437928
924783
754968
975642
548976
829654
246935
529483
632489
324695
629458
586942
694753
985347
932865
875936
265973
438657
684253
367429
642839
546932
853479
259374
268574
968275
563472
834952
759623
972845
243695
432975
768459
862347
256897
495278
753649
542873
647928
574386
248935
759263
276943
697485
423785
453896
689725
627543
379624
298745
693875
754269
592476
926453
867392
635479
863475
264573
856734
437562
538294
269758
349627
736849
679384
754938
675839
974638
379854
594276
485692
729635
528479
295764
367284
862754
398675
476852
237968
583469
425389
346579
539284
796538
462759
257486
947653
329846
867354
823765
894327
429837
245679
967245
467238
523879
465782
498367
345862
695432
829437
643258
427685
962387
823497
576824
834726
465872
579862
938756
597432
839546
694235
738942
692537
945632
749325
953467
823954
496583
643582
687539
486729
892547
453269
864573
249865
839674
849256
352864
485762
967423
759346
578326
438972
974536
376249
329564
596783
745326
427895
367428
683597
825946
879563
746395
396524
534978
593826
758429
537468
563297
972648
237564
342598
379524
329674
637925
342579
739285
529743
789652
276893
762354
896273
649827
873542
286753
853674
467538
245697
652439
659834
469732
639852
796345
826745
945783
637948
386594
456298
354278
824397
235478
396742
863254
865479
528463
876934
369852
527849
367294
365984
957463
784569
493728
635487
574869
743295
427395
534927
936587
369485
527893
235798
549237
578632
985627
867932
524796
456723
874563
364798
956328
295748
347259
237486
379846
362875
562483
675482
379562
958367
694253
249586
786543
657824
743269
257643
256483
583964
745298
623498
394826
537864
934852
926547
427358
579382
876392
679248
965782
264935
637452
932458
627598
542937
356728
596784
326475
932654
867253
937642
835276
259843
498267
895372
845639
748362
427863
763892
469735
874365
936852
762549
894675
786234
483276
987534
924857
547268
537946
359647
547962
256379
975384
764589
462793
593647
249635
496872
684273
435768
492876
695372
385726
947238
685739
459683
689374
583629
286543
863759
976843
635247
297658
628457
938275
932475
538927
536948
539468
597643
425397
739846
923687
892567
925678
263487
538729
873654
728365
463289
469723
549372
486237
678952
972856
623458
823579
523467
782396
789542
645823
849372
458629
275839
763495
875649
632587
937258
795283
248693
523698
394762
482359
532984
247635
476982
264379
598673
874356
238567
268957
256374
947386
985327
456927
834695
576893
654923
394625
792548
248953
426538
635948
274963
432659
472835
387952
485967
273549
349865
534279
657439
268945
856294
879624
479632
278635
357496
687952
263579
892736
834725
875694
693874
357684
826375
893726
738459
582497
678592
748956
842375
478926
925376
487593
294538
947382
368427
867529
547893
679458
967823
572948
743526
743695
524973
846952
285649
724593
274659
647523
257368
543968
569723
847395
392857
895243
592634
748296
539487
953267
569374
394825
892563
657328
839462
726893
572683
594267
375268
683752
845792
953426
945728
263957
783429
968542
384769
248957
267593
648397
869547
864239
273496
453672
756324
265849
745928
829764
348657
762439
923645
368795
854963
365849
657943
397462
946328
698752
629738
869234
649278
593486
765938
278356
496832
957832
378295
892536
627549
629735
274563
576928
253478
637459
283596
976548
937586
846532
346298
736852
268547
968273
758943
395284
259348
387942
568497
586743
876354
387562
259748
463578
925438
274869
678239
462985
423697
639582
487325
523968
957483
354297
694523
276843
467253
234698
278965
468952
687429
938742
573946
274589
825964
695483
673528
753289
489625
568793
285743
295784
579486
645329
875942
389476
926584
269438
263879
236579
837546
957836
385792
246579
547982
743652
249673
856349
724586
987563
752834
269485
785643
856732
684259
853247
785439
297653
653749
859362
426875
832749
642978
365497
785429
764852
843759
947526
625938
436978
254978
875964
235649
732596
485673
863594
465329
734829
259347
375964
264978
278945
324587
942378
367892
823965
397428
429756
637849
975482
659328
249678
498625
725836
284359
523684
679325
489326
834679
796235
925743
926857
578362
752896
762349
293786
679583
358279
725846
235486
248753
845726
436825
263785
965842
482653
879342
958426
934876
457293
978245
573982
658374
879356
675492
682457
975324
893625
785296
876249
489365
329864
439578
625983
238946
854376
829357
897543
527864
426579
697425
847593
574932
632984
483965
249658
537429
762435
547239
329458
947358
932586
342698
865724
569482
294635
734895
934567
356984
259367
583692
572639
973586
837625
458693
738425
697853
928547
982476
583942
564798
974258
369847
893426
935867
378529
437296
273458
426985
594736
249386
394857
892364
356289
593842
284639
364527
836725
936724
435872
268473
785394
547923
738926
674952
394268
962487
269845
254387
975364
697325
352746
493758
862473
235764
782536
362479
827496
689574
267853
382794
739482
279458
365892
895736
845273
548263
476938
837426
859632
428736
965284
836492
975426
489235
524736
834579
928365
293748
236589
478653
354298
479362
793248
765843
346958
537286
923654
685729
978265
578463
847693
648297
597624
486973
872564
238547
892574
497653
835269
982364
876245
265498
267354
528347
284765
583246
364752
357924
849657
653847
547983
357482
348796
437265
462973
987634
645739
279648
524398
345267
948236
245693
352678
972658
256894
785432
723859
675983
645382
274986
239856
745983
763582
836759
987562
374958
295487
238657
257463
547986
324589
635489
392647
739584
287956
374562
582376
749386
435687
467285
278634
586372
974358
359472
827354
589324
956842
293574
974386
845239
659428
578329
643589
827463
869572
679825
376492
328697
485397
687954
238796
736948
694853
243869
957823
827649
537628
796324
785496
645378
289764
265873
785249
537928
874963
574286
327654
538469
957286
972358
948625
963427
465823
976823
485672
378642
875392
749652
685924
796234
835672
892645
967428
593762
927684
352876
369247
793485
294763
398456
369578
589627
973425
439685
596728
298645
394276
498275
452973
637945
954327
943825
486592
728436
534289
275698
248657
475896
356872
957843
538497
392476
597462
967528
436279
947836
739486
956472
697328
268539
873249
239678
795643
237468
674859
752963
632457
845629
359672
936547
638275
793642
562738
753869
256437
762835
258479
863297
869354
892654
385927
452967
946257
246859
957462
295683
268934
574983
265987
782659
543267
593428
962854
597324
495863
295678
546973
295376
263958
295463
729834
253678
345879
759638
894357
254869
768592
438952
793854
829436
793586
946857
892746
635278
638975
836925
845937
856239
632475
387654
879362
368749
386495
794635
563847
254893
654293
278456
762849
824653
495632
267854
476285
574368
824659
684532
246357
975236
749385
954236
763925
987436
892475
684725
245397
453827
678539
847953
852794
574986
628947
489375
893567
257639
762395
456238
574923
846372
497385
542869
854637
763945
364579
352479
786942
827946
683975
469785
968475
342689
264897
756483
578396
742896
527398
459268
825739
278465
438975
427539
539762
392567
965348
492768
375862
234598
526349
932784
684527
893754
926843
235849
289345
263589
462578
862543
874953
892564
483692
345928
439258
587329
692354
576394
542386
675384
968753
674328
365472
658497
562894
456739
926874
765498
982675
935642
934276
834972
937456
743692
492863
396482
769345
578426
283459
293856
256978
793548
298635
596287
465832
965732
754263
469357
429786
984276
986435
893546
493865
358742
798453
367982
275893
572943
836275
564329
846295
267894
258374
923685
942783
384972
285369
463528
496827
536987
285764
462389
459782
958764
273856
574862
597846
397582
964285
582347
736429
894756
425698
568932
429573
435267
246538
345672
785639
659387
825376
869457
485263
729438
253698
294857
364827
378425
592786
729846
935684
429358
546972
846795
368592
356748
376948
324867
652438
375629
379548
386427
564378
629537
695734
372849
627894
287569
563298
294563
756289
928754
587369
682934
239468
952786
895726
385749
639725
832769
435268
482957
354289
458963
952846
254968
478623
459867
864329
978634
523468
794523
925437
697583
756829
236759
854793
679482
625489
348926
392756
538249
432587
852739
879652
753894
286349
647982
437569
642389
957263
784639
569427
574893
574689
952437
349687
579483
395648
394786
248356
257948
823549
583267
953874
746293
463825
563429
245863
986452
932675
863794
264738
975623
387526
523498
725986
246759
734598
842659
873456
567932
867423
952863
476389
536472
298354
536897
263549
382576
367459
875269
642895
687432
698472
825749
924835
475286
246973
893756
682473
387925
286357
538792
547823
945278
758362
536872
492857
725698
826457
245736
243759
874569
583462
689253
539842
756283
726958
263845
468253
475362
739265
243786
264753
473698
837496
842639
576924
548673
943856
436598
592643
953682
682734
538692
275498
893274
352847
362849
984763
425687
289563
793258
986247
586493
569824
854792
837642
865924
847925
468259
275984
643857
647325
297364
867943
457638
235489
534782
568293
376529
539286
746283
562943
432865
285976
968375
572863
382459
798562
649527
642758
293854
657293
473628
769482
258437
923548
487952
482639
498753
749625
752396
374628
872469
574398
974532
693587
643275
834627
875326
294376
269547
962384
678932
479382
952847
924657
798532
359428
895672
695724
248357
298346
372596
326497
987342
846927
728456
625374
672943
978324
769243
754683
734659
652487
945287
927648
286735
642385
937584
594723
258743
238465
849325
573246
273456
469572
248796
632589
745683
346258
254689
764583
768239
376285
237584
973642
237586
847965
346582
326598
483762
954836
264793
259473
548672
438925
237865
284637
792438
256784
957632
984523
293658
948532
376592
256739
638749
563249
754936
364289
893524
697482
298634
592783
483792
947852
283695
852493
758924
789345
269875
397845
892436
392468
648527
726934
845693
654938
956248
856973
296548
938526
579284
456872
473859
493568
275948
594867
753984
368452
394758
523479
962753
725386
753682
743586
264597
468732
952874
935287
597326
253648
574623
857293
293746
673245
924378
943725
769283
869324
634728
854936
582967
842935
362459
862374
258643
432976
548762
863942
728593
859762
472836
962758
487596
279543
473298
793546
593684
974863
386247
572938
278643
846379
439672
972683
385279
389724
854769
359876
853794
795364
437629
347592
986275
876429
794582
382675
856374
297863
875932
234568
825973
283945
867592
792486
359872
958324
724386
946327
675893
962783
342586
257836
723948
742639
278493
865973
974538
276359
684923
573268
296387
736928
586273
683524
854267
257349
685234
347269
295863
924365
826479
856724
948723
894576
572649
689527
826943
248367
942387
354827
732694
754893
392854
853627
239475
754962
279534
978543
537289
352948
582476
973864
284937
934658
564398
968237
897264
935862
732894
472563
372948
276534
962375
974523
327469
367985
864593
873296
452863
769538
543926
392746
924873
245967
945387
256749
284953
258469
829456
534928
976483
278346
857396
976243
354268
824753
894356
594287
952768
469582
867924
794526
398674
965427
235647
247865
952438
237658
465293
837459
625984
589432
256748
467539
874529
642395
475926
287396
267534
234865
974635
965328
473528
698425
547839
275436
638945
276584
682354
482569
567394
864935
346752
563487
469253
598247
728953
658492
629543
945672
462837
937465
724369
798345
758942
367298
594387
267958
452367
276493
386579
537624
394267
497356
659432
468239
843567
689254
435862
795234
426935
542389
679342
378694
764239
632745
659372
875493
423589
239675
645328
972453
924736
632857
539784
972643
379258
675239
452796
396847
573896
475938
946823
379684
647923
675829
862475
267394
235749
498673
867234
952643
257364
598473
642983
596374
365249
384962
294738
893452
837652
784253
937562
275934
698427
798536
478293
248956
238947
936754
738642
283564
346758
659823
295786
387295
632485
589327
729583
963257
489672
349658
784596
629358
768594
875324
864592
486352
743256
275986
254687
495378
369487
987245
342865
324698
378542
953648
375462
396425
872453
273654
593846
397425
568947
453986
674825
984732
672543
293485
925347
432589
278349
549638
742658
928537
827943
465279
763948
392678
532746
672953
526793
369287
236478
948576
246589
837469
964582
234657
842957
564839
724396
785342
387659
856927
652743
785649
542397
542739
869532
358267
987543
962485
968752
524893
456732
975682
426835
543789
452397
893657
294586
836792
326574
754329
874692
426539
726459
725968
859423
596248
269357
458379
976345
763854
695482
723684
732864
289634
354789
645879
346728
634528
493876
274985
356724
635942
275869
875934
684239
647532
429538
972583
452937
649782
396247
625384
847396
589246
345927
957368
685923
649837
248396
964823
895473
436972
594367
624953
987542
786954
475983
728695
495672
932584
583297
263985
823569
857962
794236
642735
472598
629578
257634
369754
583946
973628
546328
695347
947528
936457
647593
742938
372964
324967
564938
563947
327869
975486
893256
458923
347295
426578
934856
582749
859263
874539
498352
426897
546978
723846
356947
453972
783259
385246
573948
267835
543269
457628
542867
976245
386972
456287
953768
673542
526847
569378
687243
354769
874695
928456
837542
658237
842975
287539
289357
875492
583967
859463
835697
934286
583467
482697
876532
394657
872436
687423
827349
697523
328547
569328
375264
963874
936728
537846
943862
392684
896234
735964
348592
965374
945682
469385
784625
862397
657249
895634
793285
275684
326954
638594
492573
348295
865394
528974
935784
284935
649573
294537
296543
648952
359728
642589
352798
328974
289547
482735
954873
346927
678432
682759
967425
298643
259678
543829
397684
675348
793482
385742
689453
398462
249365
362487
239586
496752
729586
569487
724985
826749
692543
326985
265473
462397
652937
394865
429563
389745
578324
428795
965784
579243
683725
689732
967342
924837
643897
987526
627345
863472
624938
467958
786945
294638
974835
629375
764235
872496
483296
435269
264893
359426
387962
265347
275396
472983
768549
495627
527468
872394
935872
825976
354928
398746
469758
934687
637425
536892
689237
834296
586349
854367
867394
753498
726485
524683
672853
458763
674835
462735
843795
587632
924583
296784
684792
297543
789236
832674
548239
795638
529734
284963
963724
346892
453962
436927
964527
654983
793842
735682
342659
279438
465927
427536
849573
952743
429368
843259
698324
286935
876324
247598
876394
734296
328659
263945
863749
795462
538674
953647
624879
986523
537629
274398
658439
896257
873564
947586
793486
394658
765289
738964
846735
834752
697845
963247
487962
375426
675849
243758
325986
879623
847392
743852
846529
365897
264973
497825
729643
863792
729356
249763
948356
639524
798523
986732
376259
732568
945826
895327
794682
269435
953284
657382
497835
529836
573498
689243
965734
953278
426937
627854
598643
735892
539248
643987
246587
653794
372659
627458
943256
328456
546937
426793
678243
649357
792654
479863
872649
937426
395642
896247
853694
523897
428693
532649
965234
576293
263789
367594
425873
567943
623574
369875
653894
234876
762538
473825
734658
852793
958237
843629
936725
496587
253496
685437
527963
573298
568493
695827
237654
463952
849726
498237
382976
549378
287346
439568
547689
836945
735982
392745
758694
295384
367245
234857
785923
496738
624895
964257
468532
542689
978264
794528
862974
239458
729645
293675
872346
673529
286739
789526
743958
759823
537942
845762
739246
653829
486273
739428
385962
824759
923857
983657
536792
376589
459278
853649
963847
785329
758642
534689
687352
748523
835297
539764
384756
932758
873649
642957
275394
782346
637245
792563
876294
732589
287365
497532
234867
789534
746528
627384
495732
749382
435782
869453
572648
394258
378945
423985
286743
463857
784329
435679
536287
238974
452368
896523
296845
483659
372468
749685
286547
293758
824359
794368
842963
637528
725863
875346
248569
795483
298463
546298
798542
742356
258649
384569
374586
523746
854692
826597
752439
367859
935876
834597
294583
273849
723649
836259
432567
879253
346257
265748
278694
468792
574963
583249
638257
674285
249378
782359
976524
523489
965478
456279
435296
473296
467529
647283
486329
762489
934865
259763
987623
278354
769435
578492
279643
785236
872634
368459
245837
532497
379256
278953
693584
643285
695324
348795
972386
643925
284567
748539
279483
649823
865279
348569
563274
327465
759632
896453
428536
685943
649752
694825
693478
764325
823659
358647
873562
487529
943752
273648
874623
952843
675298
426938
764528
827369
795238
586439
598427
374592
234975
379582
627493
748936
683795
684327
439867
576834
746928
249387
794583
359724
349587
462987
527369
239548
457896
827594
923458
789523
892673
495782
496387
457639
625749
253647
962847
973526
462598
976852
253498
483672
948672
865439
729483
524689
948326
357946
837425
264795
736485
984756
793468
825743
243965
873592
825674
684329
342796
832654
926587
583492
836429
463257
938765
876549
529637
693872
592834
984267
937524
874653
925843
593726
754396
856493
854293
726483
832496
529837
374589
986375
256439
237498
326459
563478
972843
236489
286475
725369
327985
596284
672589
962784
285469
496785
528769
256348
243875
689734
742598
758632
278935
574938
562879
978356
286945
749365
942756
256873
369725
864352
579246
736548
253948
672854
485369
389275
496758
879254
759864
529478
584739
427693
486573
465928
942587
782963
793568
579463
354987
325497
765248
362859
257649
297356
582769
925847
827645
483679
764859
246958
643298
567234
723648
893246
482635
953247
963285
654238
854679
687395
623748
857423
792358
749653
964873
852469
638279
658793
269843
734926
238975
857264
629485
397546
896524
834527
453792
893475
587643
574692
374286
723685
743659
958327
654823
287435
672359
369285
572684
674582
394652
865324
729365
896745
624793
538762
583276
685394
472895
239875
692587
263795
954863
698234
624538
427986
357968
297436
596378
362987
468352
584273
654792
543279
859624
648739
329468
237594
325784
892347
265937
546237
947625
937284
638245
527689
634925
982764
769342
257936
372594
968354
726834
435287
389462
762458
753628
426583
847256
592678
947865
968432
837654
837246
756398
942785
796425
429387
893457
273896
234687
245768
935624
684729
964857
764925
483925
792835
328745
475932
239576
572983
236975
435698
872956
749568
563784
298375
853947
432796
928637
564983
253784
247536
246853
682537
458293
968425
478295
495328
795648
895627
734256
742863
964753
476892
834962
862743
894235
725348
978524
283597
789524
963872
869534
759842
823764
469853
948376
825947
693857
427695
385629
392478
862934
495638
594268
579238
392475
528649
723596
932847
285643
932578
765823
392845
985273
374826
865473
457892
276849
854236
468579
982357
456237
256937
849632
267583
734689
938764
246985
246398
692534
483527
854237
487956
892346
674583
356287
759468
847529
523678
678935
589724
294756
467395
478362
328965
583726
745289
569738
365987
734682
976328
639275
382596
763249
653249
597634
624978
439678
234679
543879
764253
276894
598746
782593
829375
297386
459738
637259
896243
932465
987346
924735
567928
837965
672954
586347
753269
539748
427839
378926
657392
792864
839457
423859
586492
573289
537692
839265
735869
624387
275964
295637
297648
724638
397846
345876
593742
759463
389456
239765
394875
267384
984376
729458
924567
347829
496728
392675
356974
537469
723569
547862
649875
856943
395762
279548
583972
267948
356789
982547
347529
283469
264839
436795
638254
965327
568297
753942
954783
542963
982345
248769
527389
423576
825463
638579
945872
435962
276489
892534
256783
869574
823674
349856
856729
638745
789324
526348
425839
594732
729435
273596
689572
325874
738596
268573
438567
234986
964728
684972
876432
823746
436295
278439
873462
893764
682497
832574
436589
758394
923547
598476
697584
895724
639428
872395
342856
634257
365974
963582
369278
753846
382497
872364
235964
728349
869537
327849
632749
573862
587394
348627
729384
628394
879536
362754
258794
625978
354679
649835
423687
394587
983546
567892
697428
398476
537926
436758
863924
976582
524986
627438
562374
862734
879263
453872
793652
429856
632597
647398
835479
264798
489236
295864
235687
789563
467293
538297
295846
624537
748269
768523
325869
469837
845326
526379
234957
962853
936782
382679
492687
729538
496873
982736
493675
872563
598234
452879
827643
738564
437895
548392
975834
457238
298435
975843
586243
743859
573624
487265
398564
895732
684759
357296
935428
726453
865947
724359
872534
259746
483695
458937
576489
473689
256347
374568
654879
832567
479856
658732
386592
872635
923785
584269
325749
325876
583426
357826
487239
972548
469278
532687
542639
673852
753684
945283
736492
847263
346278
256389
968547
746893
285463
587693
965382
359786
253697
582946
254763
478695
672845
798463
329678
257846
862359
629758
726589
428739
327698
328764
593674
369782
826547
674839
268947
948276
283694
795286
247396
943672
783925
398467
978542
485376
394562
892456
345768
938257
539462
287953
264539
925738
358462
783495
453798
457289
389257
596387
597263
382967
794562
865493
457326
354627
238964
723495
378245
478526
496823
294736
965238
538726
498376
497826
532479
835746
573294
692547
893427
459237
578924
563289
562839
569478
763285
965748
763548
958476
364875
374682
863742
853264
974653
427965
354279
632584
946372
627934
495683
952467
435682
523864
429367
572348
589427
647932
268975
574389
957824
258493
235948
862479
856372
845927
769245
536972
634982
826395
789245
729683
735649
487592
947628
578349
852346
985743
927638
672385
897634
762534
237659
865274
283574
632748
367542
362947
956347
674935
398526
826543
874932
982346
296538
764389
958673
284376
586297
674529
236984
627439
723546
324875
726849
356298
873469
895276
539428
276935
867245
486972
928635
849367
782694
893652
927683
935724
384956
726349
579832
957842
823745
367458
268357
593468
684529
835467
687234
285364
928735
967458
843592
769358
384672
479528
539724
625497
276593
268459
245379
546287
782439
578946
279463
694735
932684
759643
654379
964382
769528
597642
354876
389742
285796
765298
489257
367289
576243
754368
625893
294786
826475
876542
342875
693854
239547
864235
362475
427658
986253
738296
394682
798264
826379
345967
685974
658397
687932
495682
583472
387926
985237
563248
968453
795832
495827
694832
643287
278365
672389
938642
756428
428769
289546
523964
894352
724856
579462
569437
234569
347265
385974
926485
943258
354879
526347
589326
627485
985732
543978
549273
527493
684937
836475
658932
634987
692435
982753
486572
857463
345789
325479
938725
986574
943526
895643
385472
963528
578264
286493
368579
237854
532796
536924
524639
847962
723659
946783
854296
597346
678394
728935
726548
297546
639745
439628
796382
678593
827436
843675
976423
984367
974235
368597
723854
742358
782546
785946
832745
698435
942836
923847
597862
925647
872549
946753
528964
632975
937654
485723
485726
682495
682435
459723
925874
783956
986542
587249
285467
784369
729684
687943
863495
496835
765894
246785
865723
832457
485297
587642
674523
325789
452983
263479
596734
637249
689342
326897
835976
598246
274835
385672
583924
859327
763528
946283
824579
249735
869372
529386
453296
843296
593784
639824
476823
825697
547639
698352
428593
725639
942658
638972
639278
328769
432678
942758
487296
286973
239745
769253
256934
835694
354726
546892
682357
459283
938745
273945
638542
984753
498563
657923
736842
679853
478629
369275
965237
485963
365742
268739
943572
257893
765284
726389
679243
897423
789246
934785
849637
892546
294765
852497
687439
659842
728694
624385
793865
659483
682349
257843
936872
764932
253794
978462
428357
986524
738265
538924
237695
274639
568239
857462
385967
578694
847235
253674
985473
329758
784326
837259
587294
876243
793685
458792
259438
897534
597384
685427
372958
534926
783654
682379
963824
365278
458726
287543
326548
256947
439275
243689
276934
473695
965832
296483
734268
758462
572389
789635
693845
954286
753428
329748
843672
548372
728659
528947
253687
562348
753862
532684
742638
648935
549682
395764
584972
629453
397648
938246
682459
273594
736258
367529
864739
567829
489563
782654
962785
253786
543982
784932
692457
285437
964738
563492
684597
829563
932658
562349
748236
346925
342567
685492
274953
865934
956874
648793
692348
743589
735468
534962
247985
852369
794263
986437
285964
469725
627548
567239
826754
394578
428569
723968
426589
392687
495728
657243
849653
947825
542986
296835
593476
498572
427386
497523
497325
395864
459837
952478
684723
543976
396452
729568
783965
536927
649738
387542
863259
452837
586237
675428
962735
764395
937628
596438
258793
962834
269537
985346
834965
579428
329456
894736
795486
395478
965742
864293
627498
582467
749368
862593
652347
983762
934867
589476
784265
624589
379246
926548
985376
236957
928473
928534
247853
398465
596824
598243
493875
942863
425689
372589
734586
372869
354862
549263
364987
893647
476352
482573
279658
452763
438297
796342
378654
769382
367925
938657
652374
845732
748563
427583
869325
346985
345892
748659
386492
382659
867923
239845
782496
396825
465893
278543
536274
534967
276498
864257
532786
632479
598327
672538
437698
483652
982374
627594
534892
725346
754623
524386
378695
258946
893425
364789
467298
894267
546278
839427
862943
678534
984762
564897
976325
625389
634258
374982
783546
468375
748259
974263
572834
982746
987635
845926
657839
982365
785326
829743
287934
234769
937246
679582
637429
349678
479835
736298
284569
954832
539726
567298
684753
496528
795428
684352
268974
349258
694375
839625
437869
742693
564382
286734
285397
495738
736824
769385
956234
396582
395426
352964
482936
538769
893462
573628
952637
285763
765984
568329
692357
374652
437682
248976
843765
387529
625843
978623
298764
592367
348652
734269
973684
263875
643529
694582
593478
459827
742396
359684
978465
748935
246875
649528
579326
684975
867425
952387
426853
628743
394257
736249
423756
285376
597436
385427
869374
675423
324956
752349
348692
483726
953872
475638
942583
825643
926845
762593
927348
329857
736452
639457
326485
685972
869375
629734
582739
563879
825496
346798
728936
495372
327658
253798
327964
425638
259638
532798
732948
945876
376859
324598
859743
369724
796842
945286
962534
784695
562784
267398
643728
487693
254867
876523
594687
827365
863729
582973
452896
398672
895346
546723
536729
647953
865243
548362
496732
472968
364592
865239
469275
524897
497853
432698
579824
794653
543768
634589
463975
382754
953274
756843
457936
279386
472638
692487
267385
365487
472693
275346
867345
293745
273968
385294
378495
496235
532698
654972
458623
987463
753964
497856
872463
658239
367928
635789
893672
768432
834572
835426
548963
849536
823495
897653
623594
487236
987532
325786
743569
765849
867542
925637
648237
437958
368924
978632
354869
247589
249356
894526
637894
976384
526749
856379
698572
576342
473586
982537
956374
342576
453987
234768
482563
264835
932874
645237
924763
493867
467523
932846
265978
245869
482356
574823
628359
564273
962754
397264
349568
457269
324596
432756
692473
763425
568743
926837
786593
947856
398246
632459
862793
947236
786529
986743
862539
267483
592438
396275
843695
267493
326957
673452
935268
796438
795426
328467
742653
794532
456389
234985
786354
395768
627953
594273
937652
839746
658372
968352
784239
972865
327685
629843
453879
478352
894672
546327
387954
362589
463278
753462
965827
238457
432689
942568
695723
384759
635849
394852
874625
293476
945683
687534
576482
953764
947568
549782
649238
637892
345679
982475
358769
653428
976835
465923
694738
598736
238967
536479
587462
674895
952634
542976
756492
492837
758693
479523
854396
437685
783596
643892
849263
594237
548926
459236
834529
584263
697235
893264
439286
925768
467835
697258
475283
597864
586729
365284
598762
538697
954276
536842
269354
942536
982563
574832
942635
528943
856249
465387
592378
793526
378956
597834
327649
789453
978645
349628
728594
253748
693245
974253
542973
379845
376945
956832
265843
368457
895642
782539
238976
876234
629583
975348
765832
374985
632785
948732
476538
634587
679548
628954
596478
953786
732964
983265
237456
658937
438256
937685
284597
842579
539872
652783
539746
953847
976248
679425
735498
436289
749235
274593
897624
862357
456239
942573
623947
528967
657234
547832
237648
795863
736549
935487
478953
345289
783962
364978
623789
759328
957438
458936
572396
643782
463752
697854
562847
978243
685792
584679
958432
729485
349827
278596
468235
785324
847956
785642
645832
872653
754836
849752
832467
765283
257834
295763
952763
529783
836294
983652
347652
528439
384926
756294
735462
592876
472395
643572
596473
825763
975368
234786
675843
974326
438562
795843
849376
762984
376284
583796
632987
654982
497635
284679
792543
426893
296754
659824
864793
965837
873459
824697
895462
948562
487235
296478
592736
463895
789536
487926
963254
743285
946725
382569
967582
689473
538749
392485
479635
357486
426593
469538
623754
364297
897432
786259
963845
973258
694835
682539
462978
236587
239857
357926
982756
634985
372584
569384
923478
256789
692573
765923
952463
728546
569278
597234
276349
283649
394285
375962
579863
829463
835942
978653
324986
934258
752839
395428
657428
453697
796328
329648
987465
967235
689274
473965
823567
826947
758326
859746
724596
972485
768543
325748
824573
723894
629875
352497
847365
986324
769548
273498
728539
794823
723965
624759
587694
783954
472863
753426
927865
592637
273468
675982
369582
379452
629378
542789
942357
483597
983726
258463
964835
596837
362857
458639
586432
478592
475268
359784
859342
396258
234759
847536
249367
628754
485972
835249
589267
967845
896452
392648
286359
739548
345697
973256
786392
854729
387452
846732
673948
875342
452869
329684
678529
972864
458269
429735
572483
597682
526984
936425
567893
476523
785493
648523
978546
694357
263548
264857
342859
263849
647352
287943
574836
638259
579386
892374
853749
934762
726489
673295
736458
679845
379528
795846
827639
768234
695374
365749
834657
356428
478259
572839
397265
834279
642953
384679
259863
684279
864923
648725
562478
689745
698573
468953
849673
364259
647539
978563
293578
583729
697534
769843
374259
798534
437896
247638
769354
925467
745392
423957
328469
758269
736985
427389
245639
452673
362794
938675
356782
976348
263748
439856
523674
475986
759482
528749
684925
782369
386952
279845
623457
957684
234976
297684
764398
578469
247895
527489
943857
749286
472859
294837
634725
687542
875634
324987
276348
568723
863597
354968
968734
532946
368297
763952
243587
873624
679258
675439
795382
597368
247856
958462
594783
527843
846279
269358
654278
658324
825936
735642
643872
524738
263497
653427
294375
562384
735829
347865
356874
758239
937254
285367
489376
234659
897352
347692
423867
372569
278956
458973
728396
368792
758249
752693
769842
236749
562749
295347
978625
859432
986274
354962
485326
435629
379465
368254
239645
467925
475629
734258
459862
564237
658437
978463
964528
453876
742369
436852
967325
268579
753429
574289
385674
952364
867532
356249
342958
527834
293657
528743
738452
973652
567839
623958
574263
396485
249835
693527
276354
572894
625948
346875
728465
398546
659287
235976
764259
493786
486357
243785
986357
932485
539862
732946
825347
793658
587964
984352
547938
439526
624583
925683
365429
873549
567983
582396
973248
739645
294675
495362
527364
673248
437825
285639
296345
245936
745869
563984
692754
927548
748925
937462
639728
832546
732869
648395
928736
924768
984263
689234
569837
235986
394728
869542
326589
895247
927563
425976
845673
527869
958374
645279
798356
742958
289347
694327
675293
875639
729685
862435
283467
267359
728693
329675
934825
968537
934752
549267
847253
739854
927485
456893
265783
658427
358496
254963
934528
759486
764285
265943
832675
398625
983574
468972
893642
476295
496258
475382
584793
679483
748395
894573
738625
685472
724689
794832
428567
926374
426978
374258
683947
538947
472935
594683
632947
349786
736294
354927
964853
297384
837645
235487
935826
257963
845293
945678
927345
346982
492357
489765
794563
537649
769458
972853
638429
678549
874326
289765
478236
576984
624785
974625
526743
936584
238675
375968
549278
658342
749862
724385
734859
942856
946385
724963
987624
785492
827549
458276
463758
627483
853462
458796
476239
845769
634729
423768
289734
329654
467598
576432
945836
784623
286354
564327
369274
683529
376498
682579
567382
624597
754862
823467
584932
689437
765829
367495
427968
374285
574392
294378
687953
746952
432875
364879
528637
628437
375628
564982
736542
536427
468279
273864
792685
972563
835792
235694
327846
269483
932574
468527
529638
782435
675289
427936
547369
928764
962547
275894
847532
398247
246379
562389
278395
987426
392654
582936
683724
749632
678493
957364
543796
984526
953726
463987
327546
894765
674298
374659
864735
956837
953627
726953
368972
493257
865732
238654
467852
685432
378426
346725
539268
267895
295648
853946
367498
946738
623759
694237
532467
587623
245378
679432
584672
947562
796523
596483
765382
235984
839726
286759
329876
592647
629845
923856
894562
964587
592837
465278
372984
695384
578624
857493
739658
684275
824395
627495
264875
349582
963248
482965
279645
739245
352894
364758
726843
349765
583427
547869
536824
249867
863425
762594
597243
587624
586239
584623
249385
632547
452736
865923
357294
347596
283697
572936
856237
984275
928647
629548
752869
679832
748629
349268
794268
298674
782954
965273
654382
863457
683492
324985
842795
879264
875429
639247
723984
378265
489357
967248
879524
374528
687354
467952
584726
293867
589347
329584
968452
267498
834769
842657
724935
298564
587962
874592
583247
452689
973264
736498
375249
436975
867329
792356
389546
497586
692458
486375
678235
648957
234879
738562
846257
346528
567849
953286
576248
289753
897265
243597
356982
738952
437529
982735
674352
296738
526794
754863
573826
362945
278936
268475
627859
783254
943652
765234
374268
895347
395842
486937
683429
425386
698734
295348
432987
896723
478632
326597
935478
278536
957426
327549
268943
793284
752936
479583
382945
238579
496325
328964
839752
648392
563294
325498
348792
628374
394256
348975
364759
793265
659482
792453
489253
923576
397685
976253
589362
583674
769835
257694
254879
385746
827346
386957
632574
239864
472695
485629
354697
275963
293785
549723
275469
439586
428679
875469
328645
836974
872954
526397
628759
762358
859237
768943
253968
932786
694527
587934
263458
369587
847659
942356
679234
863275
932568
482976
734968
325846
594378
294385
829673
824956
295736
845796
625387
369785
549863
849267
586427
632759
526387
356879
356827
534269
268537
897356
973246
369572
497862
867934
968254
253869
765398
425783
534976
952436
574239
823657
584976
967534
462879
275349
249738
582463
543628
746592
758962
935847
587943
389756
628753
487562
639875
528436
895436
275364
842379
497863
523869
248936
698357
743265
638295
567283
873254
674539
648753
695387
926354
485293
639752
789243
872495
483579
467893
258496
824635
265483
348672
325796
836592
835964
672843
748239
435278
735846
693275
398654
762495
852637
976842
853279
892764
934728
695783
375826
539476
596347
763825
982435
673895
463972
856492
956247
498276
268395
785346
386279
259673
647239
365847
365872
493572
975643
568423
284657
935264
785436
794825
576493
439728
923476
569382
584796
963478
264859
327954
874659
748695
764893
935647
269345
589367
364928
487253
576234
865792
347562
397854
362497
273965
839754
982457
537842
653274
234856
459823
546832
479832
362847
829765
469587
479625
983456
948537
679435
287964
753264
924683
349578
873529
284367
369854
253468
786439
927465
629574
247963
632794
462385
589624
258693
489673
874532
467239
954387
764523
386479
695243
586739
924863
462873
324976
793562
578429
358947
293647
584369
678259
467859
865743
374829
487395
746259
862437
325867
849635
928674
376845
829643
862579
579624
652748
597238
895723
485736
382475
426795
894273
923876
983625
268435
782956
732945
349872
845369
975462
574968
285734
892756
872354
467295
349275
756839
287459
934765
324685
459826
687532
247863
845269
783462
483759
975864
683427
582349
825943
263984
352947
836574
573928
376895
893254
647835
794362
584297
345829
375248
958763
728439
759234
768329
538974
247539
543972
658273
956432
865427
479253
896753
435967
495286
329764
745986
864532
472385
784259
724583
839675
432697
623475
836745
726835
497625
958347
563974
379584
837596
475893
345986
328954
346928
254793
475829
749326
572896
432795
382469
278946
854279
769483
972635
584927
843572
967482
938472
864297
237548
853269
795342
938564
463892
935824
987254
324897
439257
426953
856327
927864
647952
765983
284596
862574
873925
684752
694728
762345
784396
945386
394287
865794
972836
839542
952836
584396
328695
863427
653297
695837
287694
482956
352684
264759
432759
842936
796483
749586
285697
734526
623459
568974
375896
837264
935782
639584
284653
475398
725839
348562
268594
486925
469358
629438
468937
378496
739685
639578
594368
953287
598236
239684
738495
624935
892576
389762
547392
678934
763924
243576
486257
856749
724635
859472
295476
673429
485796
625873
534728
649273
964253
489723
485763
945673
726853
483729
562439
743825
624398
397826
825963
827453
748293
397562
849253
647359
326745
436298
467589
286975
752843
397285
723698
264758
374859
358964
398524
758639
654279
376924
698275
753482
369528
859236
268374
384695
283796
586479
728964
238647
453692
673924
953264
826473
742395
476895
823594
382769
845923
865293
748652
692748
298756
462387
624859
673849
372895
768495
426375
732489
948725
682945
497352
684359
926853
679385
692734
728569
835927
754928
859273
246389
589436
695824
492568
274896
236847
489567
357462
348956
852936
429638
597438
582493
958627
439786
238756
689475
358967
264593
954768
934756
587324
365287
435879
386472
398752
846725
473259
234758
853924
739264
328945
367894
529784
548932
278359
372845
752438
698724
857294
638524
873426
954872
352794
257968
287349
375284
476359
978263
369248
568724
246938
584397
486235
578493
924356
645297
968725
254839
635794
742563
843756
756893
529647
926748
329487
968735
639245
956748
527896
382956
472965
492385
623849
652984
984356
679253
583976
379526
598723
627348
283645
549387
632498
672489
523679
845963
398274
965783
956827
278345
439287
952483
856972
823967
698537
628479
269745
587243
784293
645372
398426
425983
763984
795436
789546
935678
528467
843527
947623
395742
795682
824675
872935
593267
748926
524378
324768
758236
598632
523796
937682
593482
284369
649372
962475
826945
478932
954283
427538
463728
543729
789435
658934
574269
265394
328795
593874
794568
746892
689324
592387
483562
839762
852947
346859
457328
968427
492365
358746
964375
238597
537869
758463
368425
645293
895673
428963
839275
243768
563792
356972
694378
587426
639285
764352
745368
254987
986425
879436
524687
749352
638249
268935
536982
859736
748235
925863
643928
847359
948265
983245
389467
783924
785694
754982
326798
493586
396285
369745
987352
938625
694283
768392
379865
498536
263759
598367
348697
968732
379245
389645
743952
876349
958463
382957
263854
625794
627843
256398
897563
278943
742853
725469
547326
564729
948765
798234
498732
642785
342596
829657
476958
647238
297586
456283
897234
893276
573962
825764
983465
684957
469873
953684
463958
824769
497386
358427
953624
543897
857326
652974
978325
845763
896245
259784
632487
924568
496578
352674
392586
729468
987256
325478
745629
685937
782459
648253
427368
436259
598623
864579
374862
894376
298536
673285
263457
379248
265438
862394
348256
356924
943826
497682
387645
648923
594678
268743
459362
269574
798436
693758
945782
925473
348526
682475
659742
368927
358694
347869
348675
783649
957432
743962
294856
759863
543286
349286
874629
734528
473692
374269
432675
293458
256874
342756
563982
476358
923764
563729
645932
374825
842596
485239
296357
824596
769853
834596
769542
695473
423978
756923
328794
594862
786239
728493
569234
297486
423976
864759
372968
692374
428936
547238
539478
472653
786342
938267
385924
346589
795463
465937
572849
478256
426798
473829
459382
925378
758346
274638
349586
953642
724356
257934
286539
823756
593782
367984
879645
248597
246873
932546
987643
975432
524387
298746
872356
327854
962573
273465
685327
435692
753286
258346
759348
356942
896732
453982
528397
725634
679254
362879
249576
269573
563872
892365
786523
584367
546839
746985
968235
589736
589642
428953
639478
436792
387956
357268
285736
249876
375269
497823
732658
234875
472635
843927
928463
863549
234987
572836
845962
769254
397258
682753
784635
653982
457829
694837
823769
645928
549637
492638
245789
549837
548792
769583
485962
236945
475628
639758
832569
954823
342867
482597
529368
456387
542793
268347
576392
329768
394528
274965
695472
279365
796453
347528
459763
395824
975842
349785
524976
524768
483765
238795
247356
628547
578629
274935
752689
426597
493785
974683
842753
943658
793852
948325
589264
478952
984673
849756
685429
563972
957382
279436
967853
759368
954382
345962
956274
487359
753946
259386
956427
856423
236985
753248
678325
593827
346529
549872
456978
429583
825734
984635
857239
539427
435968
273948
675283
429657
897263
584379
653489
957248
895362
874325
524678
956742
793458
236849
953427
352867
348957
687524
985746
746385
387426
358962
348265
798425
682453
785294
632875
273586
346527
357489
247658
874369
864392
375864
496782
387625
769824
954763
745923
723695
372945
985472
549832
532498
732854
829564
782634
836479
679584
635824
583264
584267
692853
936748
596437
967834
743298
428396
876435
487965
548379
642789
963485
769485
976435
482675
876359
689472
269835
942875
748325
523867
896473
725689
894567
592364
468293
594623
976583
632548
674853
698247
986457
798263
825746
758492
397426
629874
975638
279846
987362
672849
378594
375894
693427
297435
463798
598276
782596
893476
578623
924876
847239
268457
729348
784592
763842
372465
752946
247698
486372
432985
674985
746958
863754
537689
345698
946285
672358
943276
534297
257689
468795
783694
729436
458236
956734
937624
926345
692847
859367
845723
367549
394827
864725
693825
765842
579384
549286
546387
376952
584973
375942
947523
273954
624735
796584
342876
475693
836572
527436
743685
728639
765943
425639
579846
738524
467583
362748
745238
428967
956382
832795
395246
723896
287935
482536
456297
684573
358692
795623
568432
643952
794862
934628
763452
673249
527498
485923
365478
496527
523697
875632
538264
648239
853467
872594
827935
254789
245698
573926
564279
728596
697248
927365
257894
938576
592748
834697
594728
768593
258349
729863
586972
274369
893564
948267
248637
965724
892765
384967
869543
567493
846593
975428
247369
867439
847926
247835
728463
364897
263578
724563
632945
926543
968437
259634
489736
984625
986342
596274
386452
492367
845279
846579
786953
296385
627954
924875
237589
692548
562397
243976
897523
325946
283546
943867
594382
853629
725983
793428
976284
538962
237946
324798
842537
659743
935628
546329
862749
248567
987364
376958
846739
386947
476928
342768
562489
726948
652874
432687
478563
724958
423569
296857
349257
328957
563284
259736
364298
728645
765483
854972
369542
269834
493578
842356
896357
382654
759284
754236
549628
354692
596273
456289
238456
623847
594873
726538
429875
934826
758932
265798
783926
284573
583679
428756
243897
483796
765824
639257
856923
356492
962437
473658
542863
923568
326795
263947
574293
539782
578439
857432
534679
235469
526948
674359
542376
786923
983764
457296
439756
978453
856794
637582
245673
856247
498627
478369
347825
492586
987652
546983
274685
589437
734625
925876
847259
386754
789452
879534
796248
684235
359862
294368
827945
874396
569724
372598
673259
578342
928765
839245
762384
695784
397864
764953
378526
869357
729845
284375
249863
289436
357429
543986
236947
485637
683257
349652
567398
582647
368754
429658
598237
963547
357492
862745
867432
928475
453289
296487
846523
296847
675498
476293
825369
835764
628934
632879
275846
493682
974286
325648
649358
329874
427635
485372
254639
324689
753296
456379
435798
359768
842653
587392
843529
397548
574829
254967
649237
657423
534827
457963
734986
435298
384725
289735
627389
574638
945628
985364
567348
238695
953842
593487
578369
346729
982647
268749
246537
659723
893576
542968
425798
594876
375842
694875
478263
758649
358467
732465
625439
783659
647253
865349
263597
467359
296574
329746
547396
793846
842736
736892
562937
876952
653247
738592
398764
738652
543786
857942
458739
982536
569728
967284
873295
487635
273985
389457
735492
826957
546927
256849
947365
932854
265938
586723
784352
967584
694725
687493
986573
965372
896342
249657
652897
675832
798456
697483
395267
653284
935768
438579
734982
857492
765389
743528
543697
943852
692857
943286
438267
629743
283679
427356
968754
523986
697438
297538
467892
345689
763589
592784
675894
246753
879243
439265
397865
948753
562497
392786
365792
683729
924375
864395
758936
659348
572643
574369
968342
863492
765493
387642
724569
293674
528396
278564
479536
268759
294865
329476
692784
876932
576289
847652
352647
925638
453627
763592
753642
283576
783594
754632
724683
846793
846752
238645
538479
473986
936287
395487
926435
735698
965873
397564
385964
379685
495387
852937
974265
634527
682593
439587
328975
583974
954238
647295
245983
852379
678329
745239
869274
823694
598672
429863
649832
389475
639742
746823
954762
879532
947326
487569
563279
834297
389672
792638
536947
374685
529384
946527
286495
746932
294687
425893
328694
839472
724859
894637
875439
283549
589276
852473
942657
983654
476859
978234
543627
465793
286793
682794
423587
573689
856742
743928
839264
597832
369827
458672
269784
529683
568273
842675
268593
236897
983246
582634
784526
572864
243865
527438
352486
293564
374962
296753
429576
379652
895432
423758
679354
375469
976534
596234
845729
842635
348579
482756
364529
756493
926783
465723
672453
859627
649325
329856
365489
359246
368957
785932
684795
973428
927634
854739
984235
643278
283457
764529
964837
634798
427589
457298
895374
546872
547826
837549
854697
795384
386724
826734
697284
523976
752943
958427
657983
432986
379625
659782
687492
976853
743892
386425
364572
329548
235684
748965
564783
785469
976425
235789
342879
375698
798643
396542
389726
683954
234587
642379
274936
564738
648752
896457
675324
374865
923586
253867
798543
798253
349527
483675
763492
485976
295783
643972
528693
782635
294673
973486
762958
593672
946253
879345
579648
987653
473869
247983
532647
367849
532784
968274
475826
634792
495367
473286
265893
567243
675294
628497
698745
456782
385627
547693
693782
958273
298673
239846
742865
286594
873546
825934
963452
327569
943586
782436
679452
476235
753968
374289
739628
376289
379642
567982
893762
732549
457962
375498
736495
368247
742589
258376
738546
738259
265839
479853
357962
924753
973465
623549
785624
465298
486927
279568
796245
324789
372694
427638
529687
526897
246387
984652
563942
867259
534897
483295
493678
659784
298637
492786
896752
429568
357894
395682
694857
586392
267345
364729
293486
783542
693285
986572
452687
486732
642973
594286
879364
783456
852467
452876
357428
562437
678254
298675
298563
235987
853426
897362
573426
687925
658729
584673
745863
794658
827435
943786
278659
563829
374295
496572
479285
235974
685243
493276
527983
638957
527348
426975
562837
768934
586294
658924
376985
463579
649582
459682
465932
279348
489763
495678
754239
937245
354768
246783
867293
378962
427653
478593
487936
638597
936572
573469
634278
354967
954367
837256
576283
879324
379265
873956
235967
957386
653784
927435
765948
867254
674593
579283
472896
643978
398726
934275
462857
532764
763894
745236
748596
425398
729453
568934
529364
892437
269578
586423
832547
349572
752398
438269
642378
976238
285637
958672
932867
635289
765423
472985
482376
356284
345769
749832
829734
973284
873642
372546
753824
357682
248673
856342
526879
928435
382695
458239
235689
673298
736942
482395
873625
582947
735489
582346
753692
278695
845697
932457
823576
875426
268437
268753
725648
432685
752938
685273
943576
325769
673492
968574
865273
384275
374952
753624
279634
584362
783624
643592
297485
463789
928564
685732
485697
592683
285493
742836
245367
928673
649725
352498
324756
685347
895376
652397
382476
368275
395862
742983
765438
563287
478359
463875
485632
948627
493527
895623
265478
758439
253679
425739
346789
423695
843957
923845
524867
358429
329854
278463
874596
346895
786524
432857
542983
726598
427893
853679
394526
349725
685934
263498
543687
635974
569472
457832
349657
534872
853769
457689
579638
243756
256973
526874
738295
736248
964735
867239
326549
652943
325849
438295
546928
964783
768245
894257
284956
679328
659724
823496
539267
248736
485679
658974
847635
648735
469832
894367
675934
973524
634275
847236
392458
423975
738954
948362
345627
578394
492763
624753
693578
673458
726543
978652
864273
473682
782935
453892
349685
653782
823759
589472
932456
789326
347526
567483
786934
584326
958372
673842
659832
243567
279536
345982
295378
432967
952746
365794
752968
284967
954268
357629
759268
329845
763954
826975
395278
287394
523486
534769
864927
375648
538276
478596
473569
948736
843962
986352
627853
234956
975234
573482
327498
327946
598324
382496
892375
684793
427896
435972
973426
495276
892435
756439
874395
874639
236594
384269
728934
534792
793524
869723
385764
463297
935846
257348
958267
957326
752346
973528
948256
726943
967432
975846
329567
795862
765384
473295
569473
847963
376295
428673
245876
389527
659247
793845
439762
263749
534682
934257
435896
247935
428735
352897
657893
248375
983267
352478
259743
324958
562479
542837
563247
562394
657492
653824
652493
237896
759264
625734
657489
863527
385729
429357
963752
896275
469872
598462
523769
976528
362758
739682
368529
369257
942567
835724
254798
592673
679532
364982
758432
469823
423875
395782
946237
835647
792863
948563
237568
843627
897462
327864
925673
296358
832564
863925
859473
652947
728549
248973
649287
623875
592874
897354
954378
923658
986245
327456
354276
628795
346592
439785
957643
932486
472368
635924
856243
279538
623584
629748
865237
386497
738526
697435
936825
864253
743628
792854
786492
749562
972685
468739
654328
789654
286943
546382
625378
934587
594832
268534
386257
682754
357468
824937
582937
543769
239467
397452
356794
324567
863294
483976
865942
627983
835247
578643
645978
529374
974862
954682
759438
534268
654827
456873
598263
947536
498726
657982
678324
978534
235794
542398
247958
967538
249563
684325
546379
596328
352764
284576
298734
325978
752364
938467
978452
325698
937625
752649
382647
726354
734695
783964
785942
946583
629754
972364
942735
785962
264983
843972
723459
738426
396784
374569
327958
457398
987654
532674
894372
263978
682547
763428
543962
276945
846357
934287
295483
578294
968245
932478
384675
548697
742536
527839
984357
683952
839725
869352
783564
365829
328679
823956
427953
962738
936275
364287
274698
796384
384567
398254
927586
563928
973548
892465
756293
853962
863927
967238
683547
672549
738469
857924
387264
465729
463982
826937
894735
459736
928436
852976
823654
532487
542768
584329
854632
436597
498735
754926
367825
873264
436572
784652
729865
826397
923657
476329
369872
398725
768324
692387
426738
768954
724953
968243
743865
463592
867925
745286
836254
532947
276954
789256
253749
276358
684593
324965
825694
534968
695872
986235
238475
482365
457839
947235
269857
285497
249856
743698
572638
493256
923587
469328
782394
423685
287954
842397
395724
795836
325984
847356
628739
628973
246857
897526
953728
547328
976458
534867
269873
869273
682359
864523
546823
786549
958732
746593
654728
247659
739256
734962
265739
398245
473962
947635
324679
657843
935742
476953
893547
469238
654738
857936
826359
925864
265348
284957
469752
725364
798652
467853
725643
278394
342987
492785
469738
528736
534678
682935
534267
736254
395784
597632
286573
786425
985623
783625
675249
257468
239758
832679
973846
864572
478365
462798
834692
837452
683245
289643
864275
635784
924785
956243
654327
693842
452963
365947
589372
438592
627845
936248
584237
325947
834675
573964
368524
459376
845397
723689
329687
652384
763289
973285
743869
398652
534692
928653
234586
627394
526378
376598
374658
876923
852436
784693
724368
543298
396724
659748
483725
973842
897342
578432
683925
678459
654892
467832
572963
359826
984326
439865
679852
368497
926738
245387
562973
589236
398256
728469
438659
296743
924658
564872
597264
639482
835946
375642
826953
374582
398547
857932
892637
637289
462538
698543
359762
439875
967824
479568
267584
943268
839526
452387
438629
796834
945362
693528
489523
349287
564923
264537
745682
276543
945786
892573
673498
725463
328749
236795
429768
548396
854627
745293
873694
945623
638729
735264
354678
543826
853249
824936
825736
786254
384562
482953
894236
796284
725936
698257
796435
465829
329865
792856
347286
784926
734985
526943
586397
395874
764329
493765
239486
497563
354287
692438
469783
529634
978435
538492
243798
958642
954862
295367
483592
472356
932647
852394
648327
546279
754869
437625
763294
376258
345286
263587
485269
459378
579642
724539
895742
286947
658423
963587
739468
385297
824957
876539
587326
657849
346297
365982
928346
962843
564392
897564
286435
935284
872639
465739
742365
658927
829653
739528
958247
578293
583642
985427
945867
423689
675824
279653
963745
752684
536794
863249
236457
574629
897436
479368
637984
824396
623785
957623
863592
683574
457863
473958
649523
248675
256397
295438
657482
247965
796835
429586
598274
947265
845362
273649
538724
478396
942376
278569
236548
237685
634297
235786
265487
592468
823945
753689
674528
843657
968724
729465
372654
639845
249687
953476
723485
635428
756892
364785
782946
937862
487256
672435
842697
872369
865742
967253
843796
893627
364258
573846
259478
287495
537428
975634
372698
943756
573984
598346
968374
984725
798325
789562
284793
286375
849625
782356
897346
952368
285349
739824
524978
342786
852963
796582
425738
746859
953746
237645
724389
387256
249765
586472
468935
924367
895762
254638
259378
965423
597843
398645
234796
896253
258439
635829
294678
725843
683249
962583
582693
986547
945862
369284
576382
798634
672938
964732
856274
957634
749836
458723
845623
452769
384659
276948
645839
562798
736952
689537
643859
364795
598342
376582
687325
397248
936428
769834
625349
658392
486759
639872
924368
253897
567289
358946
624738
598627
652478
273689
795324
437659
478962
487536
853496
524798
372985
684953
496725
738965
936578
698274
573629
972638
926437
389274
752683
529834
539742
243765
945726
352697
539876
532489
529643
389564
537698
765428
874936
863579